0       1       0       0       0       0       0       1       1       1       0
1       0       1       0       0       0       0       1       0       0       0
0       1       0       1       0       1       0       0       1       0       0
0       0       1       0       1       1       0       0       0       0       0
0       0       0       1       0       1       0       0       1       0       1
0       0       1       1       1       0       1       0       0       0       0
0       0       0       0       0       1       0       1       1       0       0
1       1       0       0       0       0       1       0       1       0       0
1       0       1       0       1       0       1       1       0       0       0
1       0       0       0       0       0       0       0       0       0       1
0       0       0       0       1       0       0       0       0       1       0
0       1.6     0       0       0       0       0       2.4     3.9     3.3     0
1.6     0       1.6     0       0       0       0       0       0       0       0
0       1.6     0       1.6     0       0       0       0       0       0       0
0       0       1.6     0       1.6     0       0       0       0       0       0
0       0       0       1.6     0       2.4     0       0       3.9     0       3.3
0       0       0       0       2.4     0       2.4     0       0       0       0
0       0       0       0       0       2.4     0       2.4     0       0       0
2.4     0       0       0       0       0       2.4     0       0       0       0
3.9     0       0       0       3.9     0       0       0       0       0       0
3.3     0       0       0       0       0       0       0       0       0       3.3
0       0       0       0       3.3     0       0       0       0       3.3     0